IRIDIUM 33              
1 24946U 97051C   26196.87866541  .00000119  00000+0  34871-4 0  9993
2 24946  86.3895 337.9122 0006322 219.9806 140.0926 14.35159307509207
IRIDIUM 33 DEB          
1 33773U 97051L   26197.30051660  .00000437  00000+0  12260-3 0  9998
2 33773  86.4034 329.2260 0012258 150.9395 209.2491 14.43692817914572
IRIDIUM 33 DEB          
1 33775U 97051N   26197.26521325  .00000666  00000+0  19640-3 0  9998
2 33775  86.3648 317.5075 0013989 161.7717 219.9092 14.42093081912466
IRIDIUM 33 DEB          
1 33776U 97051P   26196.91032036  .00000337  00000+0  10354-3 0  9994
2 33776  86.4057 350.3789 0013565 203.1889 276.7711 14.38571670911750
IRIDIUM 33 DEB          
1 33777U 97051Q   26196.81871900  .00001821  00000+0  40027-3 0  9994
2 33777  86.3795 301.5454 0004937 239.5615 120.5106 14.57043198916646
IRIDIUM 33 DEB          
1 33850U 97051T   26197.23615333  .00000567  00000+0  16405-3 0  9998
2 33850  86.3416 297.4863 0012403 167.9066 220.4946 14.42742669912591
IRIDIUM 33 DEB          
1 33853U 97051W   26197.11065418  .00000548  00000+0  30252-3 0  9996
2 33853  85.9968 255.2898 0205742 295.7910  89.0488 13.99888927883584
IRIDIUM 33 DEB          
1 33860U 97051AD  26197.22283155  .00002652  00000+0  43324-3 0  9998
2 33860  86.3818 291.5857 0005928 326.6574  62.9114 14.70533467918865
IRIDIUM 33 DEB          
1 33862U 97051AF  26197.27313470  .00002166  00000+0  32111-3 0  9991
2 33862  86.4095 302.1155 0048834  43.2710 346.5555 14.73797454919943
IRIDIUM 33 DEB          
1 33866U 97051AK  26196.95214234  .00001946  00000+0  74844-3 0  9991
2 33866  86.3019   1.8853 0112963 188.8880 292.7565 14.26479220898775
IRIDIUM 33 DEB          
1 33870U 97051AP  26197.31350168  .00001052  00000+0  28376-3 0  9991
2 33870  86.3766 325.7861 0020849 180.2307 208.0878 14.46903164912536
IRIDIUM 33 DEB          
1 33881U 97051BA  26196.92963793  .00006941  00000+0  13389-2 0  9992
2 33881  86.3848  12.7023 0055021 164.1919 349.6484 14.62383740906394
IRIDIUM 33 DEB          
1 33884U 97051BD  26197.23542687  .00004806  00000+0  58090-3 0  9992
2 33884  86.3655 272.0105 0008017 263.7988 150.3302 14.83517530920368
IRIDIUM 33 DEB          
1 33886U 97051BF  26197.29855271  .00000220  00000+0  68531-4 0  9994
2 33886  86.3855 336.4885 0011858 259.3068 116.1854 14.36281050911465
IRIDIUM 33 DEB          
1 33887U 97051BG  26197.21022935  .00000191  00000+0  57328-4 0  9999
2 33887  86.3029 270.5340 0004132 246.2255 140.3851 14.37414170912608
IRIDIUM 33 DEB          
1 33953U 97051BN  26197.29404245  .00001498  00000+0  32572-3 0  9993
2 33953  86.3866 320.0832 0018480  94.9008 293.0674 14.57298394914413
IRIDIUM 33 DEB          
1 33960U 97051BV  26196.99245023  .00007309  00000+0  66952-3 0  9990
2 33960  86.2562 187.1436 0004651  78.7714 335.8014 14.94790292920745
IRIDIUM 33 DEB          
1 33966U 97051CB  26197.32204155  .00000779  00000+0  19419-3 0  9995
2 33966  86.3937 313.4601 0007331 185.1887 202.5623 14.50455530915664
IRIDIUM 33 DEB          
1 34071U 97051CE  26197.17282270  .00000867  00000+0  21656-3 0  9994
2 34071  86.3440 284.1117 0009909 108.0223 252.2063 14.50459057914564
IRIDIUM 33 DEB          
1 34077U 97051CL  26197.27102479  .00003314  00000+0  56947-3 0  9994
2 34077  86.3866 316.2729 0008595  21.2197   3.0286 14.68365997914921
IRIDIUM 33 DEB          
1 34079U 97051CN  26197.27252434  .00005865  00000+0  60102-3 0  9994
2 34079  86.3721 270.0099 0003331 293.9362 149.4876 14.90311261921811
IRIDIUM 33 DEB          
1 34088U 97051CX  26197.24466561  .00016523  00000+0  11306-2 0  9993
2 34088  86.3773 290.4593 0005812 151.9360 237.6972 15.05994616919700
IRIDIUM 33 DEB          
1 34091U 97051DA  26197.09863449  .00015963  00000+0  13967-2 0  9998
2 34091  86.3479 326.9649 0026395 241.2544 118.6034 14.96363942910743
IRIDIUM 33 DEB          
1 34097U 97051DG  26197.17133127  .00000422  00000+0  13274-3 0  9992
2 34097  86.1968 266.1646 0080552  19.4982 340.9264 14.36248826902101
IRIDIUM 33 DEB          
1 34145U 97051DY  26197.10675605  .00001223  00000+0  34739-3 0  9990
2 34145  86.2089 236.4526 0054304 102.9476 257.7797 14.43764250907449
IRIDIUM 33 DEB          
1 34146U 97051DZ  26197.17038547  .00001071  00000+0  26850-3 0  9992
2 34146  86.2802 254.5107 0024768 222.7039 191.4174 14.50303824912281
IRIDIUM 33 DEB          
1 34159U 97051EN  26196.77428628  .00000483  00000+0  14980-3 0  9991
2 34159  86.3527 316.5392 0025658 303.1901  56.6837 14.38999369910519
IRIDIUM 33 DEB          
1 34350U 97051ES  26197.19805478  .00000409  00000+0  10901-3 0  9990
2 34350  86.3256 269.2708 0022678 139.8169 248.5157 14.45931456914067
IRIDIUM 33 DEB          
1 34366U 97051FJ  26197.32600359  .00002230  00000+0  50051-3 0  9997
2 34366  86.3703 315.3875 0021934 132.3648 255.8977 14.56006052913172
IRIDIUM 33 DEB          
1 34375U 97051FT  26197.18687704  .00000410  00000+0  17990-3 0  9993
2 34375  86.4285  95.8268 0101650 161.0617 351.1482 14.18375152897656
IRIDIUM 33 DEB          
1 34376U 97051FU  26197.15329464  .00003928  00000+0  70214-3 0  9992
2 34376  86.2932 269.3185 0026245 152.5704 207.6902 14.66451494911609
IRIDIUM 33 DEB          
1 34486U 97051GB  26197.22888641  .00015891  00000+0  98528-3 0  9999
2 34486  86.3770 271.3085 0006517  84.5502 329.3218 15.09625689922234
IRIDIUM 33 DEB          
1 34487U 97051GC  26196.55596149  .00000313  00000+0  86059-4 0  9994
2 34487  86.3425 279.8788 0032519 137.2479 288.6717 14.43517285913471
IRIDIUM 33 DEB          
1 34492U 97051GH  26197.10300946  .00003488  00000+0  11513-2 0  9997
2 34492  86.4669 247.2565 0175071 263.2804 123.7358 14.29502677881324
IRIDIUM 33 DEB          
1 34497U 97051GN  26196.29907094  .00000529  00000+0  19826-3 0  9997
2 34497  86.2800 320.7077 0079012   8.2894  19.8954 14.28155529899452
IRIDIUM 33 DEB          
1 34508U 97051GZ  26197.00210305  .00001442  00000+0  44278-3 0  9996
2 34508  86.3711  11.2307 0063766 183.9981 176.0718 14.39817738904058
IRIDIUM 33 DEB          
1 34521U 97051HN  26197.23961650  .00002345  00000+0  42373-3 0  9999
2 34521  86.3790 295.4483 0002028 207.6904 152.4202 14.66050010916279
IRIDIUM 33 DEB          
1 34525U 97051HS  26197.31622073  .00000524  00000+0  14928-3 0  9997
2 34525  86.3746 314.8090 0006735  99.4495 289.5022 14.43425927911977
IRIDIUM 33 DEB          
1 34529U 97051HW  26197.27928868  .00000343  00000+0  10078-3 0  9998
2 34529  86.3650 303.5276 0004476 185.7403 174.3746 14.40887115912450
IRIDIUM 33 DEB          
1 34538U 97051JF  26196.17191950  .00000731  00000+0  20793-3 0  9996
2 34538  86.2744 271.5305 0032530 338.8029  49.7867 14.43767762908493
IRIDIUM 33 DEB          
1 34540U 97051JH  26196.80722604  .00004342  00000+0  57448-3 0  9994
2 34540  86.3081 208.8932 0017156 132.3842 349.3958 14.79633998921977
IRIDIUM 33 DEB          
1 34648U 97051JZ  26196.95220874  .00002311  00000+0  10347-2 0  9991
2 34648  86.3974 194.8392 0168691 340.8493  18.6398 14.14947954880012
IRIDIUM 33 DEB          
1 34651U 97051KC  26194.36037799  .00002814  00000+0  10167-2 0  9998
2 34651  86.2785  49.7822 0129139 239.0259 119.8195 14.28718299889295
IRIDIUM 33 DEB          
1 34652U 97051KD  26196.09271187  .00001525  00000+0  28663-3 0  9991
2 34652  86.3279 244.3928 0024605 284.3978 103.8141 14.63828930916184
IRIDIUM 33 DEB          
1 34690U 97051KM  26197.29231291  .00001980  00000+0  44425-3 0  9997
2 34690  86.3790 303.2500 0009432  22.5811   5.8295 14.56117370912306
IRIDIUM 33 DEB          
1 34696U 97051KT  26196.23987773  .00018551  00000+0  24151-2 0  9994
2 34696  86.1776 286.4432 0059702 147.4092 242.2986 14.79261771898300
IRIDIUM 33 DEB          
1 34765U 97051LJ  26197.27360800  .00000545  00000+0  16322-3 0  9998
2 34765  86.3397 300.2478 0014976 221.4148 167.5978 14.41014312907174
IRIDIUM 33 DEB          
1 34833U 97051MH  26197.28449640  .00001279  00000+0  29956-3 0  9997
2 34833  86.3946 318.0126 0021493  93.9400 293.3374 14.53687609908450
IRIDIUM 33 DEB          
1 34870U 97051MQ  26197.01026900  .00003759  00000+0  48674-3 0  9992
2 34870  86.3089 215.1205 0017244 152.4843 236.4122 14.80494151920928
IRIDIUM 33 DEB          
1 34896U 97051MY  26196.87587235  .00001646  00000+0  28029-3 0  9991
2 34896  86.3265 230.0131 0024774 193.6348 286.6916 14.68257291907740
IRIDIUM 33 DEB          
1 34926U 97051NF  26196.92588816  .00004397  00000+0  83045-3 0  9992
2 34926  86.1296 267.6919 0066526 284.9723 140.5196 14.62817153895958
IRIDIUM 33 DEB          
1 34985U 97051NR  26196.80607257  .00000878  00000+0  25648-3 0  9990
2 34985  86.3716 325.0812 0019641 229.9278 283.0739 14.42880210902758
IRIDIUM 33 DEB          
1 35051U 97051NX  26193.53521377  .00000969  00000+0  25261-3 0  9992
2 35051  86.3225 276.4686 0010735 103.7119 256.5281 14.48554640900615
IRIDIUM 33 DEB          
1 35052U 97051NY  26196.01707781  .00000269  00000+0  81084-4 0  9993
2 35052  86.3308 288.6083 0013715  99.3995 260.8755 14.38749987903567
IRIDIUM 33 DEB          
1 35297U 97051PM  26195.13376357  .00000987  00000+0  27088-3 0  9997
2 35297  86.3882 331.6306 0017087 149.7861 210.4331 14.46049513735099
IRIDIUM 33 DEB          
1 35299U 97051PP  26197.25214438  .00001938  00000+0  56636-3 0  9993
2 35299  86.2884 299.2293 0057343 111.4838 278.4439 14.42599702894360
IRIDIUM 33 DEB          
1 35480U 97051QA  26195.54521996  .00000966  00000+0  23990-3 0  9992
2 35480  86.3556 292.1453 0016066 109.6476 250.6465 14.50760323901305
IRIDIUM 33 DEB          
1 35484U 97051QE  26187.93814412  .00035409  00000+0  17316-2 0  9992
2 35484  86.3413 254.5480 0014890 101.7984 258.4929 15.17967349651240
IRIDIUM 33 DEB          
1 35488U 97051QJ  26196.01035451  .00004213  00000+0  45859-3 0  9996
2 35488  86.3239 201.7021 0024333   7.7799 352.3798 14.87578656914477
IRIDIUM 33 DEB          
1 35616U 97051QN  26191.14895867  .00007078  00000+0  77544-3 0  9991
2 35616  86.3498 249.6601 0010680 150.3518 209.8315 14.87591738906823
IRIDIUM 33 DEB          
1 35618U 97051QQ  26178.55203748  .00001353  00000+0  32048-3 0  9994
2 35618  86.3394 267.3674 0030496  78.4460 282.0167 14.53076507682510
IRIDIUM 33 DEB          
1 35620U 97051QS  26197.07240493  .00002889  00000+0  78738-3 0  9994
2 35620  86.3862 126.3146 0126797 271.8975  86.7708 14.42436179630663
IRIDIUM 33 DEB          
1 35622U 97051QU  26196.35460707  .00091358  00000+0  29247-2 0  9997
2 35622  86.1862 155.6861 0013367 134.1236  17.4345 15.31946819906122
IRIDIUM 33 DEB          
1 35625U 97051QX  26196.54535962  .00001929  00000+0  67206-3 0  9990
2 35625  86.1909 288.6859 0102106 224.3863 196.9475 14.32019245691132
IRIDIUM 33 DEB          
1 35628U 97051RA  26195.95856089  .00002829  00000+0  45990-3 0  9999
2 35628  86.3546 273.2493 0008542 319.3029  40.7547 14.70762679895923
IRIDIUM 33 DEB          
1 35631U 97051RD  26196.73271108  .00000375  00000+0  95422-4 0  9993
2 35631  86.3664 288.3670 0018863 121.0741  31.3204 14.47844980903070
IRIDIUM 33 DEB          
1 35680U 97051RJ  26186.06004808  .00002074  00000+0  81560-3 0  9998
2 35680  86.1013 290.8765 0145471 349.2008 131.2650 14.23217944636053
IRIDIUM 33 DEB          
1 35744U 97051RX  26195.37755338  .00002552  00000+0  38544-3 0  9999
2 35744  86.3264 228.6444 0020924 172.1811 187.9738 14.73762272904751
IRIDIUM 33 DEB          
1 35797U 97051SF  26196.85049566  .00005724  00000+0  60839-3 0  9996
2 35797  86.3315 230.5855 0013692 117.8642 242.3973 14.88759593905358
IRIDIUM 33 DEB          
1 35806U 97051SQ  26196.52750077  .00002061  00000+0  42906-3 0  9993
2 35806  86.3459 285.8742 0014901  68.0715 292.2077 14.59520169894559
IRIDIUM 33 DEB          
1 35809U 97051ST  26194.42286552  .00004011  00000+0  52487-3 0  9997
2 35809  86.3242 238.0804 0010333 211.5143 148.5461 14.80147709899493
IRIDIUM 33 DEB          
1 35846U 97051SW  26195.32948771  .00000949  00000+0  27185-3 0  9999
2 35846  86.3773 327.6469 0018067 181.6011 178.5135 14.43941701744109
IRIDIUM 33 DEB          
1 35848U 97051SY  26194.97798197  .00005462  00000+0  65727-3 0  9995
2 35848  86.3867 279.7771 0009056 161.3574 198.7982 14.83717278698471
IRIDIUM 33 DEB          
1 35850U 97051TA  26194.89661598  .00004969  00000+0  59680-3 0  9995
2 35850  86.3456 246.8156 0010585 158.8272 201.3391 14.83767816745139
IRIDIUM 33 DEB          
1 35915U 97051TY  26195.44677110  .00005091  00000+0  57193-3 0  9990
2 35915  86.3395 244.7646 0012181 156.0165 204.1630 14.86499764112557
IRIDIUM 33 DEB          
1 35918U 97051UB  26196.72303421  .00001843  00000+0  44077-3 0  9994
2 35918  86.4034 343.4094 0026623 165.7768 258.4030 14.52903137883274
IRIDIUM 33 DEB          
1 35929U 97051UN  26186.79954360  .00046964  00000+0  21883-2 0  9998
2 35929  86.3391 214.2681 0008493   3.7259 356.4045 15.19668439908763
IRIDIUM 33 DEB          
1 36011U 97051US  26190.64066037  .00000866  00000+0  25788-3 0  9995
2 36011  86.3415 305.6689 0016509 249.2244 171.6617 14.41971273675506
IRIDIUM 33 DEB          
1 36012U 97051UT  26196.34688503  .00001867  00000+0  66767-3 0  9991
2 36012  86.4412 220.7717 0215851 297.3909  60.5464 14.21476713685310
IRIDIUM 33 DEB          
1 36028U 97051VK  26196.74425196  .00014572  00000+0  98413-3 0  9999
2 36028  86.3148 204.6153 0013302   2.0014 358.1272 15.06420368903508
IRIDIUM 33 DEB          
1 36080U 97051VM  26186.55922257  .00002013  00000+0  54245-3 0  9997
2 36080  86.3205 278.6879 0017342 193.0831 166.9925 14.47430522503763
IRIDIUM 33 DEB          
1 36083U 97051VQ  26194.99938114  .00000710  00000+0  20154-3 0  9990
2 36083  86.3440 302.2996 0024456 237.6716 122.2117 14.43960162885262
IRIDIUM 33 DEB          
1 36390U 97051VU  26195.30530983  .00002311  00000+0  32796-3 0  9993
2 36390  86.2897 201.2653 0030966 142.8656 217.4713 14.76192293694107
IRIDIUM 33 DEB          
1 36483U 97051VZ  26197.07766847  .00000775  00000+0  20946-3 0  9998
2 36483  86.3814 320.2757 0011096 127.8483 232.3725 14.46556520682583
IRIDIUM 33 DEB          
1 36490U 97051WG  26195.97632665  .00004626  00000+0  58942-3 0  9999
2 36490  86.3622 273.3645 0003845  79.0075 281.1580 14.81329543896513
IRIDIUM 33 DEB          
1 36493U 97051WK  26194.50135645  .00002657  00000+0  45926-3 0  9996
2 36493  86.3558 276.9051 0008689 354.0754   6.0356 14.68042019776376
IRIDIUM 33 DEB          
1 36497U 97051WP  26194.17148754  .00004728  00000+0  83447-3 0  9999
2 36497  86.1548 154.4843 0048841 112.4857 248.1539 14.66490728687623
IRIDIUM 33 DEB          
1 37136U 97051XG  26184.91862832  .00001600  00000+0  61267-3 0  9993
2 37136  86.1710 248.1008 0077871  55.5849 305.2672 14.28364736673986
IRIDIUM 33 DEB          
1 37548U 97051XH  26181.11194211  .00003703  00000+0  89472-3 0  9992
2 37548  86.3500 316.5040 0022777 241.1042 118.7879 14.52744813684254
IRIDIUM 33 DEB          
1 37550U 97051XK  26195.99018413  .00002863  00000+0  47042-3 0  9998
2 37550  86.3763 288.6530 0005690 103.7525 256.4325 14.70305627894788
IRIDIUM 33 DEB          
1 37562U 97051XX  26197.08833657  .00002003  00000+0  42482-3 0  9997
2 37562  86.3755 309.5454 0026149  99.5373  21.7221 14.58503747894658
IRIDIUM 33 DEB          
1 37565U 97051YA  26195.93325622  .00000850  00000+0  20297-3 0  9998
2 37565  86.3474 276.1908 0015025  86.0827 274.2096 14.52448123689453
IRIDIUM 33 DEB          
1 38017U 97051YD  26194.08711937  .00009418  00000+0  21536-2 0  9999
2 38017  86.3312  73.3973 0079214 114.8717 246.0752 14.53650199644832
IRIDIUM 33 DEB          
1 38022U 97051YJ  26188.54918981  .00002086  00000+0  61185-3 0  9996
2 38022  86.2675 285.7484 0046097  86.5651 274.0821 14.42802459721740
IRIDIUM 33 DEB          
1 38028U 97051YQ  26196.47050004  .00000536  00000+0  14146-3 0  9999
2 38028  86.3234 266.8693 0029927 127.0231 233.3717 14.46783467685997
IRIDIUM 33 DEB          
1 38228U 97051ZC  26195.09602117  .00000381  00000+0  14406-3 0  9993
2 38228  86.2957 317.7522 0062553 221.8428 263.4254 14.27622842878251
IRIDIUM 33 DEB          
1 38241U 97051ZR  26195.43476304  .00001165  00000+0  25926-3 0  9993
2 38241  86.3200 256.1994 0005508  76.1388 284.0433 14.56159783633090
IRIDIUM 33 DEB          
1 38474U 97051AAB 26195.50133340  .00000946  00000+0  22950-3 0  9999
2 38474  86.3448 276.8301 0028436  92.7295 267.7166 14.51644227684183
IRIDIUM 33 DEB          
1 38477U 97051AAE 26196.80540311  .00001388  00000+0  10564-2 0  9994
2 38477  86.4076  25.9418 0394209 333.3934  24.7454 13.62184259576045
IRIDIUM 33 DEB          
1 39777U 97051AAJ 26196.09229147  .00003131  00000+0  61210-3 0  9993
2 39777  85.9557  70.4841 0055176 177.3931 182.7578 14.61598068633113
IRIDIUM 33 DEB          
1 39778U 97051AAK 26196.04375035  .00001460  00000+0  32766-3 0  9994
2 39778  86.3783 310.0743 0007521  41.3313 318.8463 14.55909459638099
IRIDIUM 33 DEB          
1 39781U 97051AAN 26185.22003520  .00010998  00000+0  40228-2 0  9990
2 39781  86.3788 173.9014 0165466 343.3313  30.0613 14.25510702110016
IRIDIUM 33 DEB          
1 40996U 97051ABJ 26197.15496280  .00022744  00000+0  12131-2 0  9998
2 40996  86.3454 259.1656 0000734 333.3393  57.0790 15.15051157657305
IRIDIUM 33 DEB          
1 40998U 97051ABL 26196.11417916  .00000731  00000+0  20036-3 0  9990
2 40998  86.3846 322.0422 0009670  90.3168  33.3456 14.45819658 97787
IRIDIUM 33 DEB          
1 46435U 97051ABN 26190.04641498  .00004334  00000+0  10933-2 0  9999
2 46435  86.2739 103.5663 0198144 312.6150 105.3029 14.39718700109086
IRIDIUM 33 DEB          
1 46734U 97051ABR 26183.54950497  .00002995  00000+0  87773-3 0  9998
2 46734  86.2619 274.1556 0039247  30.1181  27.4005 14.43173540659209
IRIDIUM 33 DEB          
1 46965U 97051ABX 26195.40991978  .00001241  00000+0  24417-3 0  9990
2 46965  86.3319 245.7928 0016957 324.7912  53.5037 14.61741836653889
IRIDIUM 33 DEB          
1 46972U 97051ACE 26192.08951663  .00000974  00000+0  23805-3 0  9998
2 46972  86.3876 308.7971 0011331 119.3591   3.5278 14.51571595646230
IRIDIUM 33 DEB          
1 46974U 97051ACG 26197.22564002  .00004917  00000+0  12379-2 0  9992
2 46974  86.3003  10.8093 0087658 188.4698 171.5032 14.48686467606242
IRIDIUM 33 DEB          
1 46979U 97051ACM 26185.09984075  .00137835  00000+0  74541-2 0  9990
2 46979  86.3189 312.2213 0020231 211.0966 148.9078 15.13879505384791
